1.000000 0.059905 0.045891 0.020862 0.026866 0.017748 0.021550 0.019697 0.027465 0.006070
0.059905 1.000000 0.023655 0.006918 0.083651 0.072336 0.007146 0.080279 0.028307 0.046277
0.045891 0.023655 1.000000 0.018611 0.023967 0.015833 0.019225 0.077344 0.005836 0.022735
0.020862 0.006918 0.018611 1.000000 0.044064 0.019440 0.023605 0.094965 0.007165 0.006649
0.026866 0.083651 0.023967 0.044064 1.000000 0.005963 0.007240 0.006617 0.028681 0.026613
0.017748 0.072336 0.015833 0.019440 0.005963 1.000000 0.020081 0.085029 0.006096 0.053650
0.021550 0.007146 0.019225 0.023605 0.007240 0.020081 1.000000 0.022286 0.007402 0.006868
0.019697 0.080279 0.077344 0.094965 0.006617 0.085029 0.022286 1.000000 0.006765 0.026355
0.027465 0.028307 0.005836 0.007165 0.028681 0.006096 0.007402 0.006765 1.000000 0.006480
0.006070 0.046277 0.022735 0.006649 0.026613 0.053650 0.006868 0.026355 0.006480 1.000000
